10,285
10,167
10,113
10,241
10,159
10,91
10,185
8,5
8,9
8,12
8,2
8,3
24,3
24,2
24,1
24,0
20,2
20,1
12,3
12,2
20,3
12,1
11,29
11,28
11,27
11,26
11,25
11,24
11,23
11,22
11,21
11,20
11,19
11,18
11,17
19,2
11,16
11,15
19,1
11,14
19,3
11,13
11,12
11,11
11,10
11,9
11,8
11,6
11,4
11,3
11,2
11,1
10,310
10,300
10,295
10,291
10,286
10,280
10,276
10,274
10,262
10,253
10,248
10,246
10,215
10,212
10,209
10,201
10,198
10,188
10,181
10,169
10,168
10,166
10,165
10,154
10,152
10,148
10,146
10,142
10,138
10,127
10,117
10,114
10,106
10,96
10,89
10,88
10,86
10,80
10,77
10,76
10,75
18,1
10,71
18,3
10,32
10,21
10,18
10,4
14,1
10,3
14,3
13,1
10,2
13,3
10,1
9,7
9,6
9,5
